16472
16615
23715
742
28330
28388
17941
4502
29126
10064
27090
2204
2624
30845
27828
18935
24683
16006
31549
19889
21370
17888
12763
30994
17381
31794
23146
30229
23823
9063
8955
7960
8741
15105
12756
21207
16969
5040
15032
17563
30704
16675
31080
7343
30600
24094
13673
32020
12639
22221
13064
15989
27328
11608
13724
31069
29279
27831
30475
12200
29686
15816
14479
10808
12081
21150
20666
24297
5576
7196
23224
29382
5354
32195
27349
11389
3554
29641
27710
27408
16885
24427
3084
29902
13705
28036
21886
12930
20109
19293
25478
10986
12820
7623
19336
21098
9539
28263
9566
770
30062
850
21663
12414
11134
21722
30497
11500
3734
5543
7356
4435
14838
265
11345
7842
18975
25484
6667
10983
25911
4557
21221
28353
8880
16781
365
18200
5669
30980
4039
16139
388
2167
2804
30250
29298
16909
19285
14054
20203
25567
1642
20805
5417
26702
11744
3547
21192
12441
16331
19701
5927
15791
27696
9751
25873
27457
13254
7081
26525
24860
25597
14061
28242
11958
5184
8244
29839
17670
2167
1874
14378
17049
7377
28751
9048
17891
7872
14431
3533
14803
14149
26388
6436
20650
19053
8147
11392
8460
28700
18309
21364
6487
27145
12942
1056
15669
15114
28419
4253
24941
17298
32535
18332
23039
1911
6103
2121
20079
249
14360
19830
10337
9473
11181
29685
20582
31910
20189
16453
11542
30709
9748
26482
6239
24050
7640
7990
16156
32218
1791
31076
7913
1451
8991
3718
5686
8678
21831
15301
15003
19092
19180
30730
26987
24967
12582
1123
18060
1506
18973
31656
7558
16604
30397
1374
22745
28608
2226
12251
916
3896
28816
13739
2339
19404
7249
12851
10089
31654
6661
2452
18191
26008
21189
2003
11803
31072
29161
31542
16580
23850
19579
19953
17540
29782
23787
25345
22896
17276
9987
14937
7621
21933
6174
8252
12227
1788
14229
27626
446
22589
15227
4478
13426
12301
21898
2839
27543
11539
19548
23862
20661
28037
13535
14951
14394
28653
24579
2596
7370
28973
20661
22262
25814
27584
19985
26589
9840
7236
26067
2290
23901
12085
29455
18251
18284
31740
32035
9247
23303
28968
745
810
3080
5627
1585
22611
21198
17704
27502
22669
10639
1243
431
12795
29679
8186
18129
3927
1234
25770
15347
27284
13935
11286
24107
29378
18599
3948
6007
2355
31124
28199
15351
6620
3172
10644
26457
21245
12904
14735
20116
5
2664
32398
23001
2992
10810
29922
6854
28018
26258
11577
29406
1560
19740
11878
32310
12205
1224
9317
5744
1178
2150
153
493
8722
28530
28505
9023
27053
14641
18091
15581
1619
19965
21071
7451
14428
10972
8448
18009
11509
27480
14070
26490
25798
9611
18863
14488
28114
19578
26863
4085
29854
3236
14598
17205
28821
22234
8785
10443
28587
3408
6659
19890
17729
1781
26661
13149
8264
23808
3804
10736
19626
14027
14059
6832
9189
2021
17784
22200
28921
29795
32531
15855
19333
20342
23540
21046
11821
26691
29060
2790
19518
6382
5408
31865
27285
19448
7193
10375
16317
27596
23807
2549
8023
28820
22047
12649
29887
81
7498
1536
20716
21803
31960
32324
3992
24069
25069
25944
22433
19797
32763
118
31408
2611
19848
10396
30744
14256
15922
11393
9985
18024
24048
3790
19397
17499
12698
29835
7322
24312
172
22487
31090
19323
27719
21213
23327
2425
30584
5891
15803
13241
25789
25700
2631
21318
3269
5505
17298
26818
4728
4915
31324
8189
6199
17637
19644
25031
23141
20735
29887
14338
21286
16805
10834
14331
19302
24994
23650
26362
32030
26015
1345
19735
10962
13721
7756
10832
20575
27282
30411
473
20723
21638
29208
28595
18013
7328
28932
31872
21895
22446
27254
25494
11328
7379
30549
32594
3135
29819
21928
20398
1893
13204
9980
20246
20803
5884
28166
2424
18908
13109
3978
10651
9644
3168
23164
28849
22249
27241
23396
19503
7176
15743
32519
32220
22403
9927
18499
2600
5338
31057
7483
24768
24280
18251
28596
29535
19223
20340
17599
12007
24262
24276
24473
2736
12458
31403
5071
8736
27747
26279
677
3196
6897
23385
18361
26365
21622
234
22756
17703
16189
522
7521
31574
32764
19242
49
30618
32598
18923
445
7364
10404
16598
3262
21441
1525
845
4698
18215
23891
11713
12687
32014
13129
11814
28117
17185
22178
12452
14591
8437
22898
17552
21603
17561
7003
19866
19770
7534
18697
5448
6218
6456
29951
4259
4290
14198
11670
11824
24165
26351
13378
16417
1770
24974
14872
22221
11939
31343
17805
8030
19550
4666
9601
6857
21641
9648
5500
16644
8089
10883
30519
25715
4012
11883
17758
27043
14700
27766
9108
10042
5175
19616
12216
558
30078
419
30822
6710
23403
14608
15553
6782
19143
4511
22896
671
17434
19395
1767
31694
5140
26754
19688
3667
811
10884
20297
19262
10374
11626
22519
15957
25626
1889
16955
15440
17427
10486
11068
24905
22901
28460
3014
21358
16387
7115
8009
7673
23904
10236
15397
14434
7028
9491
292
3538
8721
8108
31816
6364
21462
14585
11976
26472
4692
27226
4693
6895
3440
10030
929
14574
8712
20714
13858
24468
3034
12648
5396
12990
28321
28545
13757
5414
31360
12765
16116
471
12196
25610
27108
6629
1318
20940
14
14938
30510
3252
31373
11891
16478
20468
9886
21005
17006
22130
29535
14426
25107
22299
19671
10968
23078
7034
10295
5252
18946
25737
9567
11595
814
4551
27044
31169
23100
16010
6097
29461
32496
18839
2411
27461
8101
31472
11578
398
23533
15341
12036
15143
19064
5518
19612
5166
5687
26896
31772
7395
30400
5822
18286
30484
2037
1802
273
18392
17632
18908
13849
29056
10722
16426
376
10699
16909
969
9341
16473
9166
387
2202
10594
8399
31081
3690
8360
11547
22890
19954
30890
16772
9765
11304
27163
15682
26108
27057
30610
2780
17002
3823
14723
3148
21398
22843
9838
4702
18984
3439
11094
25433
27483
21416
10357
5345
4947
74
9774
15644
12722
28228
22083
16148
29798
20117
13640
13916
5316
4367
24664
17911
31451
19034
29446
20085
11010
15165
406
20319
12724
23833
878
30677
414
6070
16839
10870
30709
1090
7848
30848
31501
24983
18453
22584
26408
7613
11140
6797
15756
6320
15760
25592
18904
1123
27121
11430
12695
1540
16300
3033
8726
31874
11655
21132
4211
4173
25280
14678
16375
28765
10238
9616
677
24693
17544
18874
26643
31913
17333
9499
20089
22046
11940
9896
2568
19729
3628
30503
5757
19482
18710
11924
1781
18610
12938
30916
10243
11508
23752
27976
2048
3744
1049
7828
22946
22373
9732
9313
25808
16992
6340
9551
31157
21216
14074
9167
6676
10348
29600
4672
19675
21511
27198
29272
20474
4786
16224
966
7285
4403
25927
17941
28856
7445
6367
20948
21804
26352
10993
19700
20231
14826
27034
32369
13672
19582
15868
17717
23715
3708
21043
30265
3033
6225
21386
26093
28877
8073
9455
8410
1522
5266
5541
6021
7881
19907
28729
16791
3689
25500
30135
31804
7263
8784
6429
10185
15289
13440
3856
18593
14430
27466
1486
12121
20129
18306
6500
27674
24853
10303
22561
4423
16546
17050
27466
2400
15064
18098
14351
1063
25220
22004
3262
16129
18049
11929
11831
11422
2769
12399
22944
16348
6124
7901
3674
24041
21592
17441
13363
15272
7290
23005
29149
10839
27820
23250
18335
5998
29072
8683
16970
17354
29347
31357
23151
30218
19221
1485
21455
11322
25816
6611
12563
4271
27127
32061
4029
13873
8233
9399
95
24416
8870
21866
12042
21840
28217
20674
28682
4471
29590
28021
1232
16073
9199
16833
11568
22049
11202
17141
22733
23011
20469
32306
3281
29919
8484
20083
20961
121
31034
13259
15952
13831
30526
12270
28818
3963
28016
19443
3572
6978
30101
11096
6539
18284
8079
20551
14186
26636
28208
29975
12312
31970
5712
7958
18498
31287
13341
20102
16556
6409
27315
28645
4717
29288
8685
29298
15196
27168
22138
10220
11974
11416
12339
20893
15970
17402
21163
32407
3974
2196
7176
7998
28826
28799
17938
29190
8910
638
7562
11646
27656
28712
17341
2958
1312
6986
11865
6652
14416
2695
22910
29749
17382
4417
24600
19019
21820
11965
28269
22842
12266
26753
17138
14447
21818
9217
12643
8331
16349
17275
23570
3940
2012
2592
6016
27980
721
2932
11306
6039
13398
10743
27301
29783
8894
26885
17901
29546
25603
5627
26619
8375
30464
3227
29845
11188
15584
6834
28266
2092
9943
18167
29278
3135
27664
32567
15651
12202
23526
29103
12041
20552
8278
5562
16919
8153
1204
10156
9818
7939
5278
7165
30845
18838
10031
19882
18074
22548
10868
27608
22352
14961
17188
27322
26390
12311
5259
31670
20430
8493
17608
20675
20126
7449
4408
12054
23547
8771
1842
5373
18950
4892
13557
30475
7452
31840
26334
22645
21160
4248
17631
17084
2620
31970
25644
24716
17633
31476
8503
16357
11947
17503
21983
32632
9872
19217
16356
27476
30841
23326
11167
19649
32154
2496
14064
29036
5887
5532
16503
11717
13928
7238
22279
24230
26967
18696
15703
11829
6759
24799
22011
8203
31967
20423
2963
10390
22151
6968
2371
21435
7099
24049
22371
16064
4541
12532
12407
26986
27472
9682
8801
8802
4994
13864
20437
4829
6857
19562
26126
11644
31313
18911
6847
1137
8597
11757
17997
19172
557
17047
28219
1429
3558
29252
21478
11970
23320
10946
23410
20811
25396
29066
24324
24340
3997
3398
16945
18091
2233
26768
22967
3115
31559
4605
31595
26976
18419
32090
19059
14635
20775
27189
5045
12840
23333
5024
20111
13455
12883
3377
5577
12120
3029
29005
11464
24739
21601
17574
25860
30038
24911
13059
30652
19464
14320
2368
10216
24350
24353
4245
16495
6707
28448
12059
17050
7870
21406
29067
22728
15342
29717
25161
24932
7641
13915
20898
9749
30678
3960
29522
4916
11815
5813
30026
899
17116
20213
29616
29724
2547
6728
28198
13479
26820
3006
8783
26576
9373
2937
28559
26617
1193
262
10259
25643
19222
30702
29458
18771
18806
29319
9298
19371
5222
24336
11501
9334
6766
25341
2389
22512
8745
28816
20630
6021
29606
23209
18651
5185
12557
23263
9524
21896
8838
15823
20630
26631
31062
10676
27172
30954
20043
13113
22188
12623
24411
13451
2933
26107
20616
6833
30264
28492
29703
7456
9836
15727
23968
5002
7110
31955
17752
24056
24065
24286
32078
4888
16859
23262
32483
26840
32608
31554
21277
2867
32106
2826
23118
21835
30313
14204
14064
8377
23136
31257
24532
7969
4656
24271
7548
29193
2073
31344
30405
29931
6526
9571
20680
28040
21992
20122
17923
5760
12110
31427
30900
14368
32660
17347
25734
17275
1873
27744
29551
9148
18901
23613
23001
14778
27243
6156
32256
13773
28379
2559
28315
17377
2867
11903
11454
15816
23239
31009
19711
22485
10871
1494
13272
31654
14384
27234
29004
17729
2998
15375
32717
22115
19616
7586
27230
29716
14756
27022
7669
8831
9492
19560
27171
13057
6825
25499
29942
30848
4736
13405
9759
5630
21858
3809
19792
7021
30280
12750
2024
25797
1310
16881
10706
28501
24264
27182
11690
6486
15971
14269
28706
32710
29645
1683
15013
28276
25447
4637
24890
5719
13081
32308
30634
32291
18583
27726
25061
24862
31971
28913
17314
28720
10516
32110
4934
10554
28757
4555
21511
14505
27440
19201
15185
6475
6157
8552
17768
26209
13557
27503
32080
5109
26268
30864
31722
366
20639
22659
25183
6753
778
8882
21441
31146
24861
20974
12784
17084
25936
2144
8635
9525
26260
20418
6728
16054
17116
10703
950
20209
4828
1271
10496
29187
19216
26968
293
21765
28161
29162
4998
6365
13252
26105
31631
22362
19139
1753
20377
32385
5568
26069
28431
30241
2838
22120
31696
17326
6466
20656
725
8267
13475
22559
6164
13609
29310
14964
27044
29200
21829
15081
3617
12859
11801
32174
4690
9065
14221
18327
2569
9009
19885
26130
10315
1686
26431
21339
8881
32731
13384
27379
25614
5785
1490
16974
21074
26126
25325
31179
11183
5560
28404
6634
16122
16418
1297
20666
851
15359
11523
9104
21256
31605
19743
26878
19895
30139
15765
7939
9651
20198
8437
29056
23721
12800
9714
1259
13188
4443
5733
22855
20877
16676
22421
22868
26327
8251
16309
27139
19930
17218
25774
3628
28766
22005
18463
29315
29595
9913
1186
30153
28574
4215
24658
319
13806
13994
26762
17760
27504
18359
31471
11983
31112
14718
24496
10127
6785
13358
22796
30834
1327
8029
19477
24276
31698
1368
26292
10888
16958
16567
26350
30739
16185
10293
26469
23320
19749
11455
21794
3348
32223
7627
29329
29772
21990
2027
3021
5891
17088
24994
16414
20207
20633
31350
1217
20718
25390
24646
17639
23798
30185
11998
17151
10826
10061
32201
7992
25588
5013
24678
10050
18799
17048
11327
21333
18340
11504
31125
5237
7704
7259
4672
22516
25699
27489
17078
25656
996
26680
16745
29375
31155
24292
8278
11103
29911
3746
31962
25811
9401
3719
25032
20083
19417
25957
4026
26435
27328
22766
8100
26159
5942
14364
13231
30613
21428
9424
10820
29700
31516
8377
1894
29764
5288
24951
2118
26262
9248
12288
5393
2364
19025
22339
1293
28220
18874
26124
26852
27746
17288
18472
20288
8580
16581
31433
14231
27145
23500
24620
10057
29100
7680
30328
5352
16766
26045
30186
7638
28458
26767
6703
14870
20861
9634
6929
25180
24102
23674
6230
23654
5306
23524
31973
8591
6907
15661
7467
5026
28249
24465
5309
29676
20153
14326
10047
20629
18038
18651
10372
23600
29605
22155
12278
25488
30366
11158
6969
21981
10680
385
9227
4840
1619
25021
3439
29628
23324
4822
11274
16758
14220
26093
19917
3670
12466
30824
17620
9493
25395
15848
6542
633
22159
26235
10271
3368
9637
29972
11522
32698
4218
6712
1267
14609
23350
9977
9228
26349
7791
11304
2094
16059
27818
6599
10914
14510
28959
29373
13568
273
27581
26829
32080
5084
11886
29897
3440
13957
32668
16131
14774
17432
1524
27653
2773
32650
8554
8578
32517
24651
21885
22412
26206
3354
10428
18950
24197
31005
7561
7773
12683
22321
10269
4467
7186
22399
17868
16860
16050
25424
6538
27213
16027
19234
12719
8273
22907
6906
23287
27454
28834
2301
9421
18280
20324
12858
31433
27028
12478
6603
30583
22192
18493
7708
21594
9153
21020
22666
6960
29212
28332
6960
31864
31705
19705
253
28466
17541
26795
17418
32230
16919
24362
20011
25831
4645
8198
14277
26073
3928
31893
10463
29809
23326
23262
20603
8316
12190
4021
26150
24867
3569
9256
27086
9581
7311
2586
5588
19973
18951
1070
14178
29758
2036
17639
24831
8788
12844
2317
11104
24821
30266
12626
30849
15871
20239
7989
27893
12428
26868
22823
4987
32300
451
14828
24273
1393
6487
12101
32205
4529
1601
19404
13737
7175
17084
12319
13983
7579
1508
3904
7861
22307
32034
21052
7899
12714
14827
7947
30259
7312
10154
18104
14256
3283
7674
24258
3554
396
25369
2497
28944
12733
12953
13132
904
18249
7257
17179
2099
19268
20404
2921
10092
10093
9976
30364
30226
24825
1818
14376
29404
28819
26536
1201
28141
23456
5886
5488
3753
29383
3773
31447
27590
22961
27769
632
27046
15373
25266
13347
21220
21464
13830
10830
24365
9435
6820
18874
7249
4469
1540
7252
28057
11418
18646
21338
5468
27932
1336
13502
31949
9769
21803
30671
11799
26902
13640
21782
13484
13402
1967
19838
22489
5086
17217
27833
25503
5748
8975
2782
29630
15524
27153
20823
29970
17583
3868
1786
20770
30670
25870
26486
30711
23739
4940
2545
15402
29554
29294
6895
13633
24121
8504
28022
7228
7134
26060
10096
22122
14144
12063
3408
8833
4112
19114
12536
7150
8409
8802
2010
2154
26174
5865
11358
9166
19332
18950
20100
24104
16464
27987
6091
16398
23473
26933
1617
26930
12384
28689
827
23863
13895
20925
14423
4803
27969
9013
26880
30934
7457
3728
21059
26202
22261
24370
22080
10235
7052
7746
30418
8248
19253
21343
25458
11706
17098
15758
7768
19429
18925
6263
31972
8622
13970
16850
1853
29356
27070
21276
31544
9841
2445
910
30331
23066
7290
26191
3042
12325
27099
22761
18465
21123
17323
13818
27051
23278
7564
8236
20435
5501
5388
31078
25905
20854
20264
23108
2376
13411
20239
7621
15717
17256
10792
21828
6346
5843
15701
14506
18444
27637
18298
26337
7098
2353
3385
2700
27199
10322
27136
14069
18698
23329
29254
4422
24812
7736
2833
6653
25025
3601
6844
10906
22866
29282
14071
31642
29050
5037
29711
18089
22920
3858
14704
22804
24293
7273
16232
10877
30967
31373
6701
19410
19524
30202
30242
17024
26843
15771
26966
9187
18416
31197
32333
1281
19654
23048
23556
4729
19666
3023
12079
25782
25373
20774
14533
25704
4842
10323
9662
21301
32153
14920
5148
19627
12235
816
26920
21370
18887
26952
23806
16096
1820
13808
24395
7268
27016
9474
14678
22983
2841
32354
4413
19256
23442
28118
12929
25031
19728
3352
16325
9756
13293
21546
12755
19305
24037
25578
18400
28317
9335
24294
19729
21979
32398
17521
22334
17450
21857
503
25333
13678
8344
11917
28866
5783
3504
9420
1965
19992
13984
28384
16645
10394
11197
14556
16732
32242
21723
15696
17107
8785
28085
24606
5272
30651
8591
27529
13228
13243
2585
9103
24810
11604
5527
9081
22597
18234
6207
14768
3409
19011
3298
13778
4357
17432
18639
23813
1215
15920
9973
30860
16008
24831
28231
12952
665
22378
30565
13664
30239
1663
21880
16499
12092
28003
1629
10317
1614
16779
28167
29737
3187
6959
8478
3607
19277
17916
17132
14670
12802
2570
31354
17091
21383
269
17142
8187
23071
19407
7000
28701
21534
15326
22854
4939
15859
17793
9012
19506
28005
19953
21967
8160
16925
10694
22684
26582
16229
24496
9692
19039
29487
871
2484
3360
20057
15589
23690
30191
21039
20434
15538
11753
14130
14144
2890
23230
28952
10648
12386
25168
13331
6356
27233
3197
24406
751
11427
30520
28886
9882
20839
4319
26189
28721
8937
3272
12165
13037
32715
1566
5587
603
7865
17643
15585
16397
13645
22901
8369
12687
1584
462
13535
12956
6787
3495
2343
22418
10877
13413
5926
5156
31061
4471
7525
14927
10338
15078
11155
25999
17793
9773
17426
9810
6327
20300
14006
429
29975
22040
6345
6478
4326
1493
32338
4018
10494
31494
22678
31896
29552
23428
7648
1461
9581
21710
7806
28585
4199
21664
11020
15154
6771
12231
28661
8863
5618
11059
10806
2952
15472
6990
6501
16573
20684
3468
21234
2172
11417
12355
23214
27367
15557
27838
9353
15540
12664
26509
25504
16935
25919
23326
19063
32317
16234
146
8322
555
5555
31433
20715
20742
20768
30655
22159
11204
23082
31772
10570
22883
4126
3334
4212
16232
20420
11322
32427
24203
19775
23131
23251
1969
17716
5001
23132
23834
18734
31286
20675
29660
11073
9269
6236
10640
19694
15892
30798
587
21831
30892
11231
8912
4691
29942
28402
15107
2484
8737
13261
29857
31879
16865
26144
14895
25228
1801
24387
27184
8327
604
28608
19099
32230
20896
8721
20620
7587
17653
6827
4154
32364
28261
14651
26921
17922
20412
24367
17057
23519
6810
32632
27742
5915
14022
23438
30601
912
709
4533
7143
573
684
24704
32081
18664
28978
17299
25956
1287
26377
19884
17785
9697
3183
25573
5335
4593
2304
15923
24360
19339
9678
20787
5930
18626
21939
1318
423
648
6118
24121
19623
32535
26829
31243
9956
23440
13586
1641
27518
6370
761
5468
13808
12270
17905
29285
29251
12521
4201
23815
15746
29185
6116
19590
10861
4419
16208
8431
15985
19900
7059
25944
15064
31710
9832
1897
1598
6438
4969
10267
19012
17148
31596
27072
6536
5339
21011
24388
12756
12721
22943
178
11925
31881
2309
18681
16271
17511
6212
24817
14288
26483
9973
31641
2274
12634
12580
18339
32325
30962
18014
6706
19740
16669
14091
14050
19495
24815
11263
22793
26609
30483
23627
25148
10059
11370
21849
21013
21496
2550
2360
27444
7082
26103
5940
10628
15662
11347
682
28095
5603
1595
19482
565
9072
9484
8318
23753
19894
13427
4826
16956
3332
14293
5141
11950
16522
22254
7431
10081
18705
23992
16083
22977
15337
29582
3447
11169
16930
19857
6305
8392
30719
24651
26309
14764
24743
21650
9836
12157
16926
17327
2511
12645
32116
32448
164
1807
14140
25947
17464
15462
25664
3956
27070
15007
3699
20097
28390
29305
26151
18907
29874
31683
29568
14952
7302
19999
31785
2423
15230
30471
28997
22251
22531
28941
31145
10908
9633
103
27720
21754
29459
14506
20206
17140
16032
4054
11570
18712
25771
8851
23462
10747
7301
3514
31568
23515
14213
279
20830
20867
22107
28526
18197
19055
2209
32699
9739
28209
2739
9150
25750
14099
5569
30647
5764
28670
30242
20335
22028
18842
23531
5239
14597
19127
6593
22964
9814
8172
17899
18460
8110
3709
29099
18618
21365
3714
27343
4088
2818
20550
15235
28189
18702
12526
23657
2325
11368
25179
19692
25457
27371
19025
1489
21678
30894
23768
31246
22202
12154
30178
6624
19636
2689
30255
3096
9971
19020
10094
4533
2123
5366
11173
18360
20619
26264
31698
15156
12362
26116
14803
933
10724
29110
22915
22402
9151
30983
25894
20246
28627
30116
24839
18827
27753
6463
4703
10312
8738
900
11641
21629
828
5199
12052
17147
12305
11804
25865
27210
25824
31935
27181
24309
29904
5205
6521
2601
30258
31866
15464
11902
1031
31676
30881
12053
14530
14160
16598
19683
17999
31492
19692
20044
20307
15733
23900
17652
26038
13442
19929
26066
21087
3584
15155
10118
2622
8367
16507
6892
29840
10605
3944
12785
26206
26794
26617
26789
30535
13340
13148
1170
4992
20660
17935
24141
28441
10448
3397
26954
16002
12978
11147
28148
22605
6961
18603
10749
9269
2222
6352
19187
31584
2634
24300
30485
24033
1878
28247
22628
8577
17164
28601
24061
32191
18556
27945
10149
6421
21192
27030
20390
31613
1428
1894
1754
2612
2489
606
14085
28862
25145
194
8039
6954
3448
32701
8082
9623
18089
24322
9338
25847
31622
20404
27595
27923
19012
10884
4479
14288
7110
28953
7087
20912
11793
32436
30889
12187
8960
11284
9028
4576
26424
27287
24944
6263
1375
6819
20753
27785
14729
8516
14094
9009
22771
278
17572
15749
25076
31334
18177
27088
18480
30356
29966
27170
20751
17083
20364
17419
5230
23956
18274
7587
30100
23704
7733
27597
10343
11365
13626
21949
5855
12387
15944
29112
15036
1447
818
16155
16244
27928
14163
415
112
8400
1898
25051
14199
6341
23465
30475
28523
680
8
7695
3891
28941
9951
16823
4344
1485
31156
30781
14740
7080
11345
6675
25671
13103
17946
13791
13996
9954
5534
1477
20716
27285
620
18916
20018
23064
12584
11299
10591
23318
11742
4397
23038
22078
4245
31418
15738
19361
20520
24337
8334
1627
14161
6602
31998
13174
12295
23001
16261
24587
22794
12488
10766
8874
6588
10052
9767
29692
10290
31451
7090
31399
13707
26884
8157
20082
13440
11104
4181
30378
28221
2367
28343
10180
22895
8806
4168
1091
26527
22288
30181
25821
15550
28978
24637
27609
1281
29443
29757
26555
23791
11964
972
18723
32696
2972
20153
12275
12232
7216
20465
21424
3484
27089
27382
19243
20692
6510
3468
30560
6026
19852
6582
5534
16355
27018
11232
15592
32739
6698
4446
19100
12166
18253
789
594
30988
21246
30840
25863
25492
18866
9911
891
27628
26574
50
20439
8104
6250
18484
12947
28273
20821
3806
26263
9632
28761
10593
24736
18956
32192
31345
17894
17439
30742
7926
13820
4656
3377
21252
27639
29964
25711
8973
31442
19158
24127
15701
10513
3090
27875
30631
12197
7932
27252
23879
24592
29982
4134
22823
30153
10017
29389
20573
5858
740
10400
16597
18408
16331
31805
14403
22283
19802
20718
14172
638
28674
7211
21830
24097
8250
6240
14157
15454
24530
5360
12503
7760
31108
1913
8090
28459
24269
16986
22540
3800
6139
29810
13851
28639
31366
22059
9759
19594
6563
10167
14861
14152
9495
25754
7917
2639
10825
20585
1678
31365
27548
16593
22904
20897
16891
18650
17698
5005
15542
10605
31333
4879
29580
11029
12337
14761
16137
17666
15999
1726
19218
13651
25990
2549
14270
28309
5426
23779
15463
32390
18642
24548
257
21023
19217
15945
8619
31442
30247
32185
4228
22801
17488
7377
18880
20495
17533
1294
3579
26314
18250
21485
5836
31305
22577
16208
31134
25890
22269
6436
11451
16448
17793
13889
25258
8419
7561
15505
12219
30696
17169
7285
11744
30283
26293
14692
4798
6890
27753
1494
27652
19852
10858
5728
30204
11041
5237
28704
16480
26444
10038
5723
5486
26398
10243
7013
22334
31013
3274
14529
18260
20133
8264
12938
27762
6693
13948
2577
2735
30509
1372
17352
25037
32591
30150
17503
9672
12388
185
2348
26027
2072
27845
16336
21671
30889
32704
280
10598
6891
30907
13089
1949
16784
26164
22208
10209
20902
11406
17440
12731
1121
20670
6829
31742
30235
23366
26673
10072
9881
26471
19261
18216
20112
12946
5323
3215
11879
16417
11553
10186
14911
25924
16377
21439
18225
20798
29662
16341
7638
26065
12505
19465
5645
29686
14925
19263
8184
12498
8224
16341
24136
30438
19227
18046
13755
10118
10388
9038
30178
16524
14666
9489
32552
31309
1936
21217
2576
460
18606
6136
29630
9006
11652
25026
13241
30830
9840
25654
24303
28754
7794
30823
23546
16798
29070
18774
11425
7815
8818
17163
28834
15466
4953
30692
1455
958
17967
28716
26806
31816
26614
6127
15461
18829
11112
16141
6382
19341
14046
24462
2311
14254
10608
7733
22581
15863
31582
14680
5707
3710
15791
23023
29741
21284
32023
31466
24026
29055
19486
23240
30122
10520
14463
11109
21716
25047
12238
29715
13618
16059
5982
23021
26697
18638
7010
17000
16260
18009
31058
1067
18880
4692
18833
6689
2573
2080
3148
3276
2995
22393
32165
1500
30580
21670
29969
16896
3601
6386
21502
21756
11280
1888
18362
29692
15035
2459
25232
14887
12908
6444
20532
7032
4616
26863
10593
31177
28618
17096
10944
4145
1858
28050
21260
10384
26781
12120
11380
20328
11558
16328
17728
31215
21773
16100
7096
21090
12903
1019
321
7835
1399
22744
14538
29926
11820
30009
21606
13073
5866
20099
5690
27586
15502
4019
22682
15885
30636
19864
16751
19270
27418
19264
17628
16148
15283
25264
15137
7623
30037
26071
3519
19692
16684
3013
16349
2590
20787
15897
21994
17439
9463
23224
24708
2599
2975
15813
11928
1403
1833
10189
27339
12610
29942
21569
10265
17556
8073
21546
8636
725
7564
280
12880
26177
8723
7259
17972
22727
8741
28278
19763
28443
29561
31441
28516
23047
18557
7086
2382
514
11676
6750
13136
259
27585
6069
22593
28311
29719
22715
8019
12850
14612
19364
11581
20418
6325
22787
153
25226
15371
21818
28042
14894
4086
9781
31907
19978
15153
29016
12548
31432
13710
26037
31174
15922
25731
30339
21146
25924
24806
6603
22444
24710
18933
24421
20686
12953
18841
29731
30674
11535
11756
25932
32311
28544
15352
14412
5641
23769
8130
10921
514
31480
7559
11833
28917
28790
26693
30099
10349
5316
16765
9411
17041
18042
17975
31298
842
31723
3400
1061
2216
16893
31440
13716
23170
7480
27910
28798
7517
284
9784
22411
27791
20920
6157
31826
8101
9080
29710
15821
32513
11583
9572
27401
11208
8373
6115
32290
16123
23779
28744
879
25571
12029
6591
250
29107
5502
19625
29235
18537
14714
29339
11237
29941
4656
2986
15464
24733
26336
30950
7193
4000
8924
20516
16903
13081
12256
7425
28911
4647
19110
13091
20587
3659
1462
30146
9830
18193
28284
14439
17619
8435
2204
7412
32670
13178
5002
4837
16099
25254
20053
23509
351
10128
11715
14660
25380
19534
14499
10135
31888
7959
32351
19040
11647
24743
23505
28128
10432
29157
599
16843
21446
1220
29994
12618
20128
21607
28907
31814
14380
10376
29055
30180
647
10266
18973
3148
27591
16173
933
32175
28397
7187
30004
24200
16661
1985
19189
21794
12016
7543
28474
11866
28276
9636
2507
12198
14546
6148
2429
19030
16553
2315
27655
5146
22649
1670
14354
10437
23898
10112
23951
22864
14830
21346
28749
19490
5524
1119
28875
29326
990
2319
5963
30622
18502
2394
21799
3087
540
21144
104
13212
21699
12022
23957
30592
24605
19484
31689
8758
7492
29965
5896
26755
29563
9038
29907
9142
6500
11082
28410
303
5747
2037
8370
19230
30882
2480
27111
11917
4710
27757
15572
8865
21730
6419
27088
21788
6747
5668
23915
16423
29933
27549
1209
19791
21884
32285
19438
10701
7917
9546
27435
12298
31125
368
30104
2658
31473
21612
24243
29480
30104
25033
27112
13803
1391
6696
14433
22008
11292
5605
26911
32288
4541
8951
32586
7612
15833
27160
709
22254
23702
28455
3846
8745
25645
28874
17445
19187
11932
27479
20018
10729
23451
17141
30412
16388
3792
22782
29935
5916
24134
4264
28430
2986
1308
1765
25442
25554
11898
391
27265
22433
27849
22952
2098
28307
12580
25929
32384
22104
22281
9273
22285
5847
6229
13369
5801
18292
32111
20573
20259
10638
7619
24501
863
19532
17522
22317
4521
7578
19783
29362
6217
3182
19950
2454
2136
8272
24416
566
23250
10777
7074
10458
7148
29179
9135
28124
16551
1729
16819
20237
31397
4696
31609
28756
32315
22415
10535
10136
28361
15643
25641
32736
25926
2526
25195
30649
17695
13929
4555
32473
21314
30655
1998
30465
17269
26459
6545
15400
12269
27765
12291
30677
12060
19074
11346
17357
31690
30970
28835
24558
25447
10333
24838
32603
28320
6264
28841
28889
30768
9189
3916
9849
9721
9425
2804
24696
30803
5889
14820
32611
25508
6935
201
16766
10289
16146
2357
28519
23603
12309
15438
15351
23598
14697
21960
23401
5502
13508
8976
5566
24370
20428
17098
22623
21790
19159
30846
2821
26924
5365
26766
11222
7923
26928
20588
30417
9611
20754
3849
7275
17311
12392
4497
19322
18883
15942
30805
4691
32520
3915
2057
23343
15310
5414
15151
2004
9946
14169
2003
28785
18601
26941
11641
18889
26883
24903
8020
13971
27347
21897
24248
2081
6709
24956
22994
29249
8401
30972
8855
13921
5224
3220
4602
2550
21420
17148
11106
15390
9557
27616
21595
24195
19825
4067
13451
30083
3323
16868
20969
29583
16304
5504
15657
977
3102
24280
25210
26642
23038
8084
21108
28122
707
17704
5964
16089
28787
7253
27211
4229
7862
7667
23934
30469
12845
30959
19886
24398
6660
32144
12434
29836
28619
19966
4932
29891
2433
30724
23794
14518
29170
23573
10710
29448
15172
1421
21096
27297
24524
22586
29394
13395
9510
14107
1700
12221
13700
2151
27849
19312
25414
15057
26554
21585
19147
12299
28145
21567
18055
12425
24225
17397
26966
19591
28324
5169
29456
20045
25012
21014
29534
8626
25567
27342
3788
21727
5941
21109
6687
5717
10692
4658
32744
21554
1990
423
9305
24751
32280
12172
15192
16366
24814
15766
17618
755
2758
13214
9042
21488
18330
3583
210
6085
90
2880
30161
18631
15001
31987
9893
28352
16519
8156
19219
22584
1311
16214
21533
30963
6305
10227
9243
4539
16707
11619
3341
1376
3107
18327
2352
32508
27265
2853
25039
19835
12075
239
14428
6235
56
8448
9663
20913
4345
29878
25582
2413
14381
9254
13758
1502
13940
29372
249
17785
16647
28450
20144
19926
9381
23139
9682
27643
5329
2641
29694
18909
31546
19236
30870
32036
23419
1123
26133
29487
7940
9480
11682
24152
23896
6879
10469
2169
29818
22831
5657
11951
1441
12956
6754
19037
10803
2636
15969
27508
29937
8265
6406
2034
4975
32038
7334
25769
9160
16614
14926
31554
4751
22809
20310
385
5385
25160
4409
30155
5017
14483
27556
21733
6267
31641
1228
23806
5813
2456
23557
496
7499
13781
13969
30403
19123
15935
20149
28786
5256
17487
30994
1522
14211
19762
13363
20849
25510
3370
22115
14044
30906
562
19905
29603
26364
8673
9878
23488
2068
7824
19429
26614
1094
1983
13892
31062
6124
18869
31979
30216
19748
20583
32011
9032
32198
20891
2913
24751
12697
589
25610
10420
11462
15186
19609
31346
17036
20795
7271
4268
16438
9084
7978
2574
1098
9934
1481
26293
5636
28369
22895
32498
20738
31478
9439
22347
31041
19100
18439
30147
19272
31865
10711
7260
23715
32060
15443
3289
24723
2416
1767
14792
9476
1700
11003
2240
23487
30665
5832
2536
993
4315
23146
18616
1932
11716
21302
6660
25052
12413
8525
2870
24861
2678
7025
22235
22843
30008
13592
609
23161
7753
2751
2334
16486
19023
2177
14485
11534
13177
24296
8693
17517
10011
14851
17635
15401
9880
28345
22393
4992
3973
4700
20367
1918
3851
12418
4409
6004
25741
4880
26256
11687
14219
20631
9398
16453
1223
5348
8724
32413
26278
22482
25062
24206
15576
30307
6394
7744
30523
25103
28596
3603
2045
23132
9558
14037
16642
25775
30846
12344
8325
30306
30961
15235
20737
1302
9878
30343
24658
29003
454
15061
29207
32558
28867
32046
29020
20913
7813
16699
1398
7137
14013
30078
20013
31861
8980
19337
11041
14242
11699
24686
4710
17207
11529
18806
14962
22757
7368
22806
6969
734
18481
12318
2710
22179
27026
28468
30701
21014
25357
7297
2831
3799
29850
4522
10845
16333
4943
1538
11313
11523
17888
2302
14201
8630
10850
233
6053
172
2388
472
1988
29383
6623
4321
14569
25561
23389
10120
6100
16826
10265
2938
5582
12696
25941
20094
30933
12175
29842
2728
30457
19577
18955
11983
8454
32264
19587
28482
24675
13586
25152
11959
3130
11819
20312
29572
23001
12409
18731
15634
11353
11972
25393
19854
1917
32461
14582
15329
10716
6881
31074
25059
4675
8621
14142
31435
29781
2132
8948
1515
24692
12991
4502
16794
8933
26165
29986
21105
7726
18987
10757
27322
9411
27485
15837
1573
5602
29981
4995
3517
16828
5355
2121
30747
22741
15431
32384
14809
27309
13507
28990
6730
14240
14940
30046
16488
23051
4106
19399
3086
2736
17046
26866
3944
1116
3500
5542
15527
19143
5937
3334
7161
22715
29910
15310
7608
31096
12270
1242
23777
20824
15229
12008
26057
22959
4241
24478
21771
21493
25813
18383
25285
30759
12131
25850
11780
25194
28634
31763
23676
1010
27568
12678
25213
6946
21962
25210
1826
30452
5194
9042
30924
2460
6313
1914
1486
3688
32261
5728
19818
18155
25020
4544
31997
4954
10809
28965
28022
27190
12302
13997
13580
29483
32067
268
305
18745
5870
32467
19649
10257
1284
9971
18048
2242
3183
23164
31683
29076
20321
21419
7021
32052
18407
1572
25885
23826
20673
21628
6310
23304
12401
16122
31168
7740
23186
28575
15357
14151
23403
18275
27390
14231
8644
20674
8934
22545
6904
15223
11535
29435
21836
17800
21756
21786
7295
13698
2447
10775
17571
18950
7804
2088
5931
17028
16894
24300
5700
25927
31433
19862
2665
9906
16959
9293
3633
21961
3814
5331
3180
29171
25370
22117
25711
3581
13311
16611
10412
25699
15546
9009
11142
203
4577
22749
20067
8915
2351
25346
18178
15884
18813
2156
20239
15174
5869
16636
29172
24335
12137
28750
27891
31094
19276
13210
21873
17173
5726
18136
31125
2894
13574
17704
12050
7124
10683
18544
1089
30061
11964
11335
1907
18935
22529
30738
6277
22441
4465
13420
30901
2460
19797
12236
3251
394
30477
30305
1276
28373
32257
321
24675
22219
3291
24771
31984
12840
16628
26153
10990
988
30219
4227
30272
19727
31293
16592
6644
611
15921
31077
21019
26233
21908
11411
32727
28086
23493
24196
21429
3911
4305
7782
29245
10082
17057
6859
18120
20175
22130
21840
30866
19368
1670
14717
13840
32605
10265
6893
19076
30202
3479
24239
12750
31405
22796
21483
7813
21891
21212
32713
9798
5746
6324
24718
2124
4508
14528
27657
16961
28882
3359
19757
26452
32343
27540
9471
28044
3303
32126
21171
25948
8440
21514
1809
20343
16192
3239
10014
1253
1143
6586
16889
25943
27230
915
7683
16312
24064
13728
8514
10500
2872
11233
6408
13661
371
5276
9423
18268
5559
14930
18536
27045
9701
18929
26965
26302
8507
18763
15219
4897
31260
20935
24796
32143
25876
25431
16651
31144
2327
25514
23361
14521
1289
7586
6184
25813
28292
21768
24246
29223
11733
17023
28757
6790
23367
2998
20545
14154
421
3042
14897
27998
27130
108
27705
24471
21659
28134
18415
23364
17255
20804
3789
13063
14670
29001
15830
15331
4880
25663
19580
8341
23879
7659
21186
32552
19368
6592
23198
1220
13702
30035
24737
31687
15255
3855
18393
22
31483
32042
17655
19894
29050
28887
1197
23958
30478
22974
4442
17583
28833
23977
15337
2383
8215
30848
3062
25266
13711
22647
31539
5843
1510
19078
11
27265
2685
19226
11141
22453
3645
3850
24170
32291
11224
6348
22954
527
337
11753
11772
19810
15550
16558
20165
26365
26189
8740
19515
21581
2949
4163
30922
14624
12238
29795
32183
10679
9780
26099
8963
25372
14440
17773
20114
23990
16135
905
32396
28186
3871
26802
17156
26660
24816
28854
31447
30791
5103
3777
22487
10017
29713
28044
28201
15186
25669
32722
21228
28047
4674
29956
3611
8946
6020
26173
25525
8596
11153
20344
14363
29534
19329
10497
5049
27420
31421
13609
2536
32723
263
22078
1811
29269
18875
186
18969
28946
18516
7611
3315
11825
1585
29107
8343
7136
15770
23393
28
17128
9726
32512
7966
26500
21886
12734
30564
28787
23472
14703
6592
17484
31132
13443
17975
4370
6923
15925
20322
12808
29954
8966
19732
10182
28041
14698
25150
22157
12464
12993
6671
32472
5844
30856
8287
9267
16415
27089
22861
22096
2382
3312
7207
4184
15799
2424
5515
8831
10890
32358
5324
23003
30551
2203
18583
23158
26576
3472
11991
24482
27345
7749
15317
22156
6813
1658
31908
1812
4715
23586
14524
16092
15649
8981
22245
12959
351
22789
2391
2501
28351
32179
1311
18484
20571
27490
18628
2664
18576
5004
13867
18374
23042
29653
952
3885
480
22333
18614
29135
18282
14233
10489
4159
25776
21316
25537
32202
27804
19218
18914
28171
4658
23685
24354
24762
29975
3140
10979
16325
5968
21704
31746
9122
24653
11609
9214
12771
20774
32057
27997
18955
20004
20255
20811
29856
8579
22758
12421
18561
7030
11143
4981
14970
29548
8005
13726
2838
20114
20519
24635
18100
3993
16043
22563
3037
21433
26809
25328
3029
16630
28374
10080
31088
2466
6554
27900
23079
18723
21348
32503
28011
7670
27212
13912
7738
9460
11865
28508
13039
14804
16373
28181
12126
8434
8861
30296
7456
32334
26589
6870
11820
15832
1660
1929
28071
20715
12788
19282
29438
25879
17956
25824
19249
30755
6985
5843
3186
27986
22059
18209
18414
2022
2196
28089
19947
28387
13830
22119
30739
7701
4269
14840
28175
26708
659
29342
6232
28423
22291
20374
13642
13031
6288
19463
17531
8710
30311
11566
15434
18191
18209
19384
15803
32207
31470
3183
14978
20724
4687
19481
16733
25877
27922
17053
25767
5363
1411
8552
28459
8959
27617
28943
23350
9244
5647
29238
16368
1957
22412
1456
10475
24754
5541
24552
3069
21655
3049
2943
20811
21166
13534
32566
8615
31063
10994
19215
28444
19516
5556
8367
27590
8154
30532
15111
25319
24125
28168
26931
10296
2314
16033
16546
4477
7363
14878
14968
11868
14663
21615
16432
12911
13208
32540
27526
17816
29921
7223
32148
11925
19128
7567
20795
3028
3232
9254
19652
3720
15058
13285
5831
27644
31293
20367
4684
31015
4555
4340
26161
9346
19686
4455
5068
16918
26427
13937
24784
24025
26045
14023
6261
2106
237
27514
26579
20731
1113
16750
22927
25663
18275
24333
13498
32228
9028
21052
17142
10002
2641
23182
16859
29204
9340
9144
921
10343
5405
1094
734
7953
19955
5260
28154
9524
4965
12766
27969
16611
5646
16900
10416
11828
17785
19176
20692
21655
16425
12946
12008
9830
1245
15190
62
7869
18706
4172
8416
20875
6344
30209
18806
16873
9097
29548
25706
29355
23208
1828
15947
25909
17607
15568
5487
31377
10907
14046
19677
27326
244
120
18025
17994
13303
15283
10273
13859
14254
10
4328
28074
452
32012
97
777
20617
13649
30223
8646
25404
26034
3002
19353
1930
27833
3860
7035
8274
18007
24220
16128
2475
28629
3523
6630
32296
18445
5197
18414
24923
16346
3323
28906
5015
28365
18279
8984
13050
24610
12591
10158
28075
11250
23125
1462
18785
12458
6374
10012
1061
187
4058
21510
29272
22675
7484
30819
32247
12493
29579
26567
11038
16548
25183
4982
17867
1198
4687
26303
7397
7623
14355
15755
28285
7242
742
10549
26963
2952
18990
30620
26524
20850
15967
12407
18178
13977
8477
31977
493
10841
18593
11606
28161
5968
29277
20852
17384
23573
10467
5797
21585
15399
16643
24708
3640
23844
12851
20413
14952
9276
20021
11043
4159
2020
7155
24316
1970
10703
22958
1695
3216
19738
27223
13378
30475
31943
12861
27405
28020
30316
9961
32627
4934
11564
5702
20929
10598
30951
26886
5879
937
17838
25664
9176
30615
22394
11870
28221
10351
30237
6966
14510
21611
5496
887
7219
1860
19951
11079
25704
22009
14618
31786
29136
1997
1725
5670
5739
20622
24059
31781
8331
29
24262
24474
2019
19243
22426
20327
28897
4417
875
19967
31294
17411
25564
4807
2259
21429
2993
31427
1454
17662
28039
27758
16997
21484
706
13033
30634
18489
24264
5208
4640
24269
621
10122
16749
27779
941
11480
32145
7728
23969
28239
30326
31202
31916
27409
8647
1381
23286
20984
23302
13836
16667
3965
18905
3501
32548
29400
677
2286
12726
11881
5470
17087
26505
14167
32414
28968
15132
18551
12020
8005
13479
3183
7294
18575
2130
13083
4794
14684
1188
30255
13465
22698
17726
20766
25813
16152
32201
28731
2181
16181
28973
6942
22511
17149
26883
7754
12701
8865
16718
30733
9139
22663
23653
19623
8063
13970
4916
26030
2898
163
30116
16560
9870
4192
28504
28955
29697
26164
9370
22874
7793
19350
7061
32577
2936
27279
1476
32683
4243
32374
15786
25953
32373
511
19652
26430
30369
32372
3516
20881
16183
24641
16095
7875
2318
29878
6353
826
23556
29961
15743
28796
7570
17050
4950
21400
26020
14459
24755
4802
5543
13872
15258
3645
26083
18355
8618
10366
23819
3772
19536
6542
26130
20798
5436
4528
30785
20789
32529
28484
1415
20895
13921
3051
8976
27848
7896
25836
8216
8139
16567
8918
32514
12118
10884
17511
1188
18861
6912
28845
20966
2546
1882
13419
15243
16547
20898
11966
21582
9572
17280
28928
23857
22015
8486
5613
4114
18089
26755
21508
30847
1927
4282
3888
20171
880
24018
11688
2401
7157
7343
13332
6233
18078
23361
27889
32585
3959
28923
7990
16734
9419
27527
6200
21419
20528
13240
3275
2496
195
32448
5546
12415
19125
24483
19225
19243
7
3307
17352
9922
18065
11934
31483
14221
20297
18541
25064
29941
4802
5166
8288
10136
14067
24716
18610
23964
570
18429
717
31043
32673
21493
29348
3520
14431
24666
24023
32330
9890
21303
21647
4974
17803
31924
25001
31401
25210
13126
1560
25654
5005
35
900
13093
30563
28665
14903
29613
8742
23519
7738
3011
23496
16012
1979
23019
5004
27078
25266
13903
11465
12318
453
2574
2283
22235
6248
28886
29370
25652
8264
6325
20191
7618
11754
21548
13731
19252
30863
4742
23035
4421
6492
12903
25026
30955
17847
25256
4933
30417
2292
1378
31748
1800
16689
18761
29879
12538
25470
27964
9872
1951
19266
25114
30144
31219
6362
16086
30012
1959
25474
15054
18369
11798
17017
8792
4629
8572
29024
31134
25233
9826
5091
16813
12764
8029
23708
5064
24825
8952
6964
1794
22660
11759
30156
5132
11576
17822
20891
27467
28085
7864
11992
28973
32128
7228
31706
21694
8524
15013
9086
29814
8312
15202
23241
1365
8152
9349
29134
12339
6584
26815
11218
6481
5918
19340
25263
1587
3664
21931
31094
5554
2710
28113
25176
15949
321
27038
15303
1728
30700
10960
18648
11480
24578
7351
18668
11909
19329
9705
29327
26929
24317
25142
5536
17232
9447
14558
10419
5176
9743
8962
17843
15923
27496
13913
22988
11987
19723
18468
3207
14726
12927
15460
8759
106
10296
21834
23957
24419
28253
5871
9383
3434
25807
4933
27878
26664
30822
12878
12959
7619
30078
19083
32666
10488
25522
7608
17658
21354
20199
3510
3172
12857
8589
7625
17507
20695
29729
5123
11275
32279
30198
20224
8669
28551
21302
9172
23019
12032
15395
22594
16189
1659
29091
3375
1138
24102
31484
11605
10154
16568
26844
13372
28068
31233
18844
24934
6180
965
12997
11210
23448
13514
980
2437
22522
26160
17978
24523
6392
769
20135
12067
24915
13833
904
20436
17797
10728
27855
21146
22950
3941
28914
22942
30352
24069
25398
32165
23106
733
18221
5000
10114
29092
28029
26084
2247
19468
19940
14098
31317
4946
17017
8026
32682
6164
2101
7011
18457
7268
10417
24302
1717
23578
12593
16324
368
28526
23266
19693
7044
15302
2144
26147
24338
26316
15483
26503
18953
32708
28219
15762
25162
21277
24098
30029
21770
7237
20656
7365
9591
2498
21037
1977
11934
18303
26530
19607
31884
867
20777
3495
16563
8232
16742
25221
26000
2667
11862
30164
1419
25599
8007
11057
18719
31111
7208
24934
28730
13892
8707
9440
2791
2603
16584
26212
9514
30267
17996
2557
27179
13069
6801
25145
663
9645
12616
27540
12868
5800
13460
23605
30996
24422
19729
23512
15131
442
11029
30732
13316
23992
13622
10398
14768
31175
12
30805
4641
4343
29496
9695
24727
23444
16292
20748
28152
17915
2829
2106
20597
2476
29887
18961
13931
23713
22432
20336
22663
10974
28016
12710
22318
3658
14159
16614
1820
30909
20352
7925
29003
17498
2156
29222
2582
7711
31978
17544
25502
32442
30141
25438
24429
9630
18526
21199
9049
19031
4861
10719
21931
30746
31170
27294
25729
18337
18776
10911
23665
27446
8876
8108
4719
16653
5106
25784
9457
24534
17130
2837
6225
20883
3169
19432
4722
28839
15610
28121
31142
6960
18222
13071
31439
12439
6802
25435
15045
3430
88
18099
14072
31065
8473
9187
6487
15287
6098
6015
880
18914
13868
22300
5336
17453
24064
13503
12493
13551
5146
30358
18202
17878
12349
22246
9275
24445
20072
16453
3266
26432
25944
6665
10233
3919
9806
14592
32201
27905
2578
18530
3034
18795
12088
16131
13820
24626
28066
13517
5574
157
17222
11374
28028
17646
32305
9550
16950
21491
18380
2500
24895
24792
30047
19849
21692
23871
16851
20589
2958
4498
21692
22856
14457
3992
14999
15668
11397
13127
12879
1785
12452
9690
29703
13001
8854
5923
21779
21038
22794
8481
27975
11328
4870
2517
8565
11803
30344
22354
14129
16272
25198
27156
21975
20507
6035
4498
6352
12309
32059
20246
5904
2603
1201
15053
995
4367
28718
16154
19690
13677
253
7728
22880
30753
20701
30176
20130
11431
23207
13743
32239
16339
30256
15148
24428
22210
19313
2177
15979
23056
229
18759
31468
16715
10547
6559
1124
12968
13325
17278
29118
19189
26200
26184
23200
8655
7565
15521
21999
24085
25183
29824
16789
28317
3742
19844
14210
15141
2651
29068
21488
24972
25677
15234
12524
21314
18803
24695
15122
26365
8187
12021
17304
12973
18787
22672
29582
16819
20446
31167
1123
31565
761
21482
25004
19797
18302
28100
6177
28460
7832
3547
13800
20721
10297
17262
23
2806
9401
29054
8564
24948
14784
4135
13951
12413
32357
6193
23218
21555
4759
19683
6919
24888
17852
22551
29115
16741
4249
27796
12113
2239
26226
25239
29915
5798
8562
691
9077
22352
3661
29403
25874
14710
23331
31166
12923
11341
28072
3155
31380
14776
25730
22964
20193
4284
18418
18735
14666
5172
11703
7834
7963
16838
21551
14568
21839
1301
30912
7930
18958
19256
28022
20151
26484
27244
12781
607
5012
12805
4978
24604
29117
13995
6245
18395
18684
11970
15073
13145
13281
29482
13984
23681
32134
30761
28184
7669
20430
21157
10986
16875
5867
7575
15741
13114
15907
21436
16358
17588
10707
29070
12
695
4788
29554
21769
17151
9821
1075
25555
26302
4361
28591
5915
751
21659
11728
20085
25319
4319
6590
2234
6445
8467
10579
3498
4747
12966
14544
23254
24421
14655
16078
22462
10058
25601
31863
5430
31433
30734
32245
7182
30598
13385
32555
3825
29325
8801
2211
9102
7397
30987
22728
14070
22121
29582
27990
325
8915
17029
16654
11397
29978
31200
4526
21199
17662
8237
16928
10163
8928
17174
11506
20699
15832
13610
31494
12778
4098
22752
21131
12202
9496
7384
29227
11879
12102
3429
3206
20374
24121
8009
30688
12987
11386
6079
1558
15753
5882
13759
6359
12106
29422
125
17936
897
21980
24371
8360
26574
17398
24096
31086
18707
6312
17616
11344
15317
23917
24991
19917
17381
742
11897
19629
16191
12333
13027
23535
30770
7271
18239
14595
8897
9880
7499
8761
18762
8124
12780
4474
27749
31507
3114
3894
23055
22716
28027
12701
8
7813
22340
7186
15737
4866
2461
4828
30682
11996
24405
30495
30483
6252
11061
16139
19681
32136
31369
15956
19324
16285
24797
21218
20343
9726
12549
18889
24807
2684
18272
4219
28615
13367
18781
1597
12187
21684
32317
471
22100
23343
9499
24464
17012
4658
27690
11097
19570
15206
27967
15177
18272
7594
21391
20041
29899
14690
3769
785
28643
5905
14087
15187
21467
25643
1776
16181
8595
21028
3554
13573
10357
27597
63
16680
30365
21728
18598
25172
5180
10201
15987
24064
3646
26120
9609
20760
5162
11749
23375
14580
11594
11171
21752
2187
18701
30728
21256
7652
11945
22907
28179
11214
4100
7007
24776
27601
17365
28575
13103
11364
27398
3722
11055
3936
1374
2274
9811
3253
14684
47
16590
3420
21350
14681
28092
12941
16419
15734
25770
7473
1573
31969
2137
18842
715
10380
10943
21362
28261
13719
21071
13809
27546
16161
25722
23635
9735
14942
22902
5770
17449
12521
23870
17968
12413
30044
474
22463
32229
1567
26336
23556
27470
4733
31291
21969
19088
22013
13867
4083
20117
15855
141
3939
1214
3397
3933
30145
32130
29348
30329
26621
26713
17595
17063
19800
9944
22740
17882
31371
6941
10152
30897
7493
13677
13432
5441
31707
1308
27225
20244
23867
20653
25552
19569
11555
31035
20638
17630
12432
11544
28125
26852
24184
11699
17484
30482
12475
11455
8424
8773
344
1169
31676
11558
18396
20426
16633
24307
19233
9271
12361
13699
6964
29941
18017
30852
26519
24537
25813
4616
1449
27150
11313
20544
15202
28672
15429
29830
8771
19577
20160
13217
13965
31498
24577
2885
26290
14765
23081
4314
14089
28072
30325
7550
19909
20405
18635
31565
31528
9055
10642
30688
4596
32175
29127
19
9251
24328
15693
10508
30679
9296
10117
19065
18580
4944
13855
3608
10413
1630
26160
6269
5884
31545
3972
12048
7382
2356
4661
32597
2110
663
636
27504
5721
17730
18120
32744
8739
32403
23565
30379
11103
26250
13407
27474
18900
13867
25535
9383
24758
23844
3893
5988
9827
15024
21023
1598
21584
23995
3528
25378
4930
4167
22332
21951
30657
12814
30555
2884
8905
9833
12589
13163
23236
22896
17013
20150
12469
8291
21129
12792
1462
31049
17248
25368
1188
28118
6381
13074
25625
7570
27307
14654
1178
13112
4986
5077
16146
18780
5033
4529
30591
593
22868
10580
18412
22346
25328
24876
22431
25279
28708
3350
12947
10771
13530
1312
13609
10867
17047
14739
24602
11521
7175
18481
10416
9778
9949
30395
6454
9332
28634
14006
21933
4629
29994
5743
22720
20064
27383
17213
31994
25097
11833
262
9783
21195
22987
15108
8024
23119
12740
4553
59
1104
22788
2689
12267
30717
1293
17272
22291
28830
9237
20956
22201
10619
10585
11459
5928
16633
29619
18799
17198
22279
623
19665
17288
27320
27739
30285
3739
15153
19741
10173
8293
12230
7369
11960
11954
2912
9651
13076
28051
28450
3202
28329
30732
28748
7814
4696
12557
17759
23116
31821
12451
20098
26223
9088
4464
32036
27312
23682
12889
24291
32585
23414
16510
20396
9855
5981
7535
5924
1143
29336
30109
30023
18762
19623
6926
25167
347
24887
30805
1496
16361
6236
12226
10561
22496
11291
15062
10581
5877
18219
7673
11051
14065
252
1135
6218
31053
23289
22665
9745
8448
8971
11288
27735
16021
24414
1319
20302
640
10087
25322
16557
2482
3622
3825
7182
22635
424
3745
8852
30544
17361
18661
22994
26301
24664
13345
20968
23644
17427
8296
5871
32503
22901
29166
20888
5258
20053
24512
23311
22173
26352
2738
18470
24784
562
153
12207
28088
13105
32699
12329
21993
5115
3716
30880
1364
13713
15227
22734
23252
20787
6516
7302
9731
7902
19462
13907
14162
29972
14399
32092
13913
5595
11671
650
12907
19720
6947
16621
8558
17341
9483
11612
16617
11569
11838
26972
3423
12463
10852
7492
17372
13538
19477
15774
8653
28751
25416
16335
22292
25379
14
507
24156
7727
11648
27171
12202
31537
22773
144
309
10837
14713
2421
2680
14587
19323
25040
32133
30139
13510
9105
10908
21926
9395
21758
508
16079
1180
10070
26617
23563
3219
2228
3919
24052
4180
3383
19894
19764
6265
29536
7863
20992
7149
18363
18621
5346
28067
27586
22639
7356
12936
1022
26173
19978
29622
4463
23097
28519
8426
14894
8745
22355
5944
1361
3546
10035
32765
3599
17847
14233
7190
29221
3993
6598
20303
32631
21985
21101
30
25851
9413
12730
8082
27347
4583
27795
28038
30137
16940
23326
19738
22944
459
131
15716
16280
8868
16371
19042
8947
5332
25321
2611
10662
28038
21679
31367
23538
20491
14117
21077
32579
27950
13502
7116
6232
3265
13259
10891
22692
21884
20220
16916
31476
18184
14115
126
21331
6742
25148
24939
5674
31797
11179
27962
6828
22052
18884
26750
7281
6500
15504
6062
16481
16466
6606
27422
24788
31220
23097
10029
25848
13266
3081
23744
10098
30215
3772
17904
12360
17815
15382
23296
17918
259
8807
13202
6655
27419
13324
2074
5183
22548
4152
26514
543
12506
18677
30064
11409
16551
19045
17365
6524
213
18254
7687
31842
22257
20181
22305
6720
30992
28554
28937
9397
27750
2981
12195
20583
21012
17039
27716
10915
30274
5029
15722
29251
21870
7736
18090
30677
3075
8920
17641
18681
25646
10706
10959
11019
30189
29431
24953
10498
3433
4767
366
14488
19333
24558
6101
15020
13495
6230
19429
23268
8727
23645
30876
4758
18613
27041
3764
21225
19248
13849
21203
6711
2436
20637
19458
30902
8996
10921
30304
18520
24393
12126
3607
7151
28553
19401
1680
10645
16555
19560
483
13387
19898
13290
23698
14560
10584
28471
8566
25109
12629
2736
31225
2046
8320
19640
28294
16043
29373
22899
2878
14344
20312
17357
15597
32002
28057
12223
31292
16875
10137
27086
3368
23072
12115
6100
4274
3817
6654
26370
30424
23968
13723
23334
10949
24854
23754
9002
9029
27186
15585
5853
31099
3035
16959
16887
22486
7704
7902
8279
21825
31862
7976
28558
4250
939
16652
14753
8294
4728
16720
32011
10947
4564
4905
5634
14749
18502
30217
19707
7973
31891
7608
11888
32383
11161
8358
4065
19643
21883
8320
26137
24071
9726
24833
20658
21283
31795
16651
32475
31509
5463
18934
20825
32029
24311
18728
24012
24299
13399
10213
14132
15120
2837
30057
8115
15283
21258
22324
1941
11653
3441
21414
32141
16119
24395
10955
29761
16298
8962
12664
265
29734
15692
25239
30708
20944
14674
6847
2317
14102
28690
12808
17116
29677
16129
26653
7727
13949
4597
22162
30490
12314
17475
23928
5948
1655
7460
15919
13636
25878
27486
22652
3508
17155
1056
15835
30949
12482
10541
3863
8779
17030
6716
22551
17659
27300
21919
24059
4458
22598
19492
4968
8312
11876
3129
10015
6061
9968
10323
24789
25282
30289
23696
16447
9827
787
14235
4716
20531
17885
19152
29015
26641
26019
9632
25021
1690
25628
8247
812
5358
28279
14685
1629
14775
9802
2970
24003
5992
30411
7582
23652
16323
19010
4575
14056
158
13246
31108
6895
28134
24839
20098
20648
19684
26837
22789
6816
17599
18751
1041
18391
30787
10870
25961
11289
27872
14771
31920
29323
25334
12398
28110
32389
848
23505
14997
20127
1518
14444
16293
5647
13831
30250
30860
50
30542
30852
20274
21096
12405
9972
31349
24613
16111
8621
12304
1349
22523
11913
11713
6816
31454
29251
23979
6367
22639
18918
6649
23950
21465
22661
21444
18034
157
7469
8502
5916
16854
9496
30448
23742
28353
11811
4266
17470
8316
19842
19737
5769
3342
28339
278
20266
5032
16048
1532
283
24107
22377
1874
32218
15337
16241
21418
29376
6576
4600
13512
28815
15109
25337
4871
4426
6317
13236
26617
12361
2162
2911
17486
26764
4643
2073
27895
19792
5597
31775
21387
4320
10121
27458
28137
3502
17318
31897
12575
26018
16713
13427
13194
11186
9569
2703
14911
19379
15168
12432
13738
9326
5719
7339
29045
2039
24897
11427
31659
5690
7684
29943
1822
9687
15251
4186
19718
12080
9367
867
12778
28095
11118
2182
12740
11182
30580
22595
22368
27553
22402
16797
17157
25815
7605
9934
1111
1393
26737
12857
19324
28433
31909
22432
13694
8615
5456
30103
14320
18568
19524
11064
28629
24001
42
13849
22461
6058
23494
27771
10545
21694
25212
10180
27985
31145
9747
13104
188
30115
2490
4803
3760
24829
13896
13954
18291
27129
9160
28130
22001
991
23605
12161
22694
3149
23426
2324
25022
23247
12509
19360
17019
28335
17717
18414
9688
12047
27386
12089
15980
28980
6948
27689
2960
14629
886
2053
31172
26741
18948
28708
25167
20317
10739
12196
11814
21518
19840
29023
8207
9284
2371
24091
2566
9503
23733
11009
29152
5423
23537
27729
26926
5325
26295
83
7268
2226
20662
9873
23867
2754
24331
5955
11347
23849
16133
12043
1565
5033
23083
738
30456
26418
11136
28754
15002
26548
31237
32231
27314
49
7296
8160
203
278
10876
13609
12148
9419
16017
20622
22174
17033
11749
8745
5957
9068
22771
5404
19027
11721
31115
30086
24257
23233
4634
12975
25343
10774
25132
4486
15766
2110
1071
25422
22796
23222
6266
5268
18183
9881
8590
10340
7862
1393
30107
29628
6765
23629
26950
11585
14479
2324
6057
9521
25521
31256
27547
14745
26108
25582
20018
23240
11219
2430
7815
13315
6582
19030
22201
19578
31079
27460
565
13435
16971
19747
26932
4838
16658
1525
5509
9953
25243
4146
5260
4556
9745
1120
6795
32120
31323
4324
27424
29331
2739
9240
11023
29543
16020
31901
32578
11973
28890
5107
7438
24379
8741
5958
12216
10893
10878
25227
14136
5475
11837
12748
17468
24384
23081
31936
13680
23219
10978
12447
23037
5585
17276
15412
7503
26338
5997
8756
8220
12635
27561
1486
25250
30477
29451
25987
25648
2459
2551
30776
23527
28721
21822
24714
28354
21875
18497
10849
1748
4532
22106
18120
12241
9577
21367
31228
7376
14301
18440
28610
15183
28198
15388
27134
30584
11863
15814
15746
5539
8951
9926
4388
17691
4786
25957
4883
20517
24655
19617
6251
3390
18146
12170
23302
30117
9795
19436
18838
1305
29630
18478
7664
18148
8972
18554
11691
13336
7042
24351
10474
18201
3465
23603
15222
26715
15438
16508
17424
6253
4027
22417
5637
31543
677
15676
30978
10368
16711
21027
23338
26035
3055
25511
26982
11490
12791
2829
508
9483
14583
2011
13668
28570
1081
6533
18775
28464
4205
7241
29224
27555
6046
27992
13911
14150
12645
23094
12388
14698
17245
8035
8929
548
21974
14907
4811
19281
8398
4635
23578
2776
25885
15557
29847
31279
26095
25094
20718
14113
5751
662
8196
25038
20450
9791
20618
23539
9098
13633
5331
3435
7533
246
22754
20982
2781
16306
24264
29754
6521
32749
29997
23047
25179
22180
31788
17887
13715
19708
11364
20918
14804
20777
21579
1782
13422
11918
32710
14278
3452
20773
15863
32140
25695
22562
31062
176
18539
15315
5636
28068
27103
2763
19036
15137
22299
575
26058
9651
6669
1456
31200
1143
18925
14794
6566
23331
25898
18061
9010
19784
1956
1194
18297
22228
20763
6704
17509
28123
4071
19047
1320
29079
1002
31996
7375
2733
19908
16479
20250
24753
24133
19306
7051
18669
31272
16963
32445
21086
9726
17027
24055
21248
3688
31384
20737
23116
16521
20584
15926
11518
18107
23350
31963
11803
32129
13514
29103
22835
13502
26060
22979
12771
28964
29042
14220
19615
25070
17499
5687
21678
24274
2746
5948
13174
561
12726
32310
15610
13202
6161
12018
1441
13902
12808
20934
17721
4236
9339
4644
27451
24176
6990
11118
18513
26000
24335
14348
28949
31912
28121
30397
15900
7054
7032
31274
3379
10088
31949
30401
10216
20252
8820
8896
29517
3080
26277
23696
19704
6900
21080
2901
14670
324
23981
28099
18178
29298
3978
19251
19416
10684
16518
15094
24239
3098
1286
30185
12990
9843
677
26185
14366
23568
13530
27081
9608
22865
25813
31202
20321
7839
22697
11883
28659
14241
32176
20073
17662
29363
4651
25384
9839
11412
4650
395
31343
1118
27564
15776
10911
3004
15878
31863
32418
18263
10377
6197
32733
5009
27743
2660
19066
16758
26038
4237
28595
32751
8225
32521
19789
25913
2618
13844
32354
11414
3213
27939
18788
31811
1969
18552
12127
18345
32184
27891
126
8663
27338
1579
6609
5168
4364
29373
12365
19809
15302
2788
19733
15511
15814
13642
24312
27886
12031
15902
1338
13612
11638
9319
30615
4015
9567
20888
12165
11940
25730
28516
14010
8314
31972
20435
16110
6294
15012
7062
26338
12361
12579
15000
20641
13311
9063
10965
27909
20665
19394
14703
8318
13757
18094
20990
9487
32395
9468
22568
19865
30996
26926
16243
3676
7207
29729
21846
28347
16940
9455
29078
18495
31764
12307
208
30431
4240
29134
7505
24191
31617
16330
10798
27062
432
32254
9362
26068
11456
31441
8018
24612
17249
22146
7367
26734
4550
31175
15068
23744
5720
24500
25958
8814
26284
14047
692
28760
24754
7618
20071
3691
31792
32352
22148
11883
20591
19756
20168
16879
8757
12070
11836
29101
3570
19271
19209
6647
8766
19231
26764
28806
32387
20157
27565
14199
18935
22479
10605
8595
5838
28682
959
19411
1453
3788
18585
28707
15713
512
1866
13671
2769
24131
20494
16572
15665
14916
4576
27648
4729
14705
2703
17812
18454
10704
32020
15712
9183
14634
8739
8984
2378
1391
1792
22974
28384
3158
20116
25705
18414
15940
2240
12356
13950
14447
5105
16345
6533
27203
15605
7056
19294
10757
4365
11122
9335
